%YAML:1.0
kfs:
   -
      FrameId: 1
      TimeStamp: 1.4625316474922700e+09
      Tcw: !!opencv-matrix
         rows: 4
         cols: 4
         dt: f
         data: [ 9.99950230e-01, -4.64926520e-03, 8.82993732e-03,
             1.98162459e-02, 4.71755862e-03, 9.99958992e-01,
             -7.72929564e-03, -6.19298778e-04, -8.79363902e-03,
             7.77056674e-03, 9.99931157e-01, 6.86324434e-03, 0., 0., 0.,
             1. ]
      Neighbor_cnt: 1
      Neighbors:
         -
            id: 0
            TimeStamp: 1.4625316469705930e+09
            Tcw: !!opencv-matrix
               rows: 4
               cols: 4
               dt: f
               data: [ 1., 0., 0., 0., 0., 1., 0., 0., 0., 0., 1., 0.,
                   0., 0., 0., 1. ]
   -
      FrameId: 2
      TimeStamp: 1.4625316475791349e+09
      Tcw: !!opencv-matrix
         rows: 4
         cols: 4
         dt: f
         data: [ 9.99886572e-01, -8.50889774e-04, 1.50368465e-02,
             2.73655001e-02, 1.14226236e-03, 9.99811530e-01,
             -1.93792861e-02, -3.54153779e-03, -1.50175234e-02,
             1.93942636e-02, 9.99699116e-01, 5.41250920e-03, 0., 0., 0.,
             1. ]
      Neighbor_cnt: 2
      Neighbors:
         -
            id: 0
            TimeStamp: 1.4625316469705930e+09
            Tcw: !!opencv-matrix
               rows: 4
               cols: 4
               dt: f
               data: [ 1., 0., 0., 0., 0., 1., 0., 0., 0., 0., 1., 0.,
                   0., 0., 0., 1. ]
         -
            id: 1
            TimeStamp: 1.4625316474922700e+09
            Tcw: !!opencv-matrix
               rows: 4
               cols: 4
               dt: f
               data: [ 9.99950826e-01, -4.67492873e-03, 8.74252245e-03,
                   1.97426584e-02, 4.74026706e-03, 9.99960899e-01,
                   -7.46793114e-03, -1.08799862e-03, -8.70726909e-03,
                   7.50900572e-03, 9.99933898e-01, 6.27712905e-03, 0.,
                   0., 0., 1. ]
   -
      FrameId: 3
      TimeStamp: 1.4625316476661220e+09
      Tcw: !!opencv-matrix
         rows: 4
         cols: 4
         dt: f
         data: [ 9.99908090e-01, -1.23074437e-02, 5.68245165e-03,
             3.21351402e-02, 1.24454014e-02, 9.99612033e-01,
             -2.49168724e-02, -8.38369597e-03, -5.37358411e-03,
             2.49853041e-02, 9.99673367e-01, -7.35559734e-04, 0., 0., 0.,
             1. ]
      Neighbor_cnt: 3
      Neighbors:
         -
            id: 0
            TimeStamp: 1.4625316469705930e+09
            Tcw: !!opencv-matrix
               rows: 4
               cols: 4
               dt: f
               data: [ 1., 0., 0., 0., 0., 1., 0., 0., 0., 0., 1., 0.,
                   0., 0., 0., 1. ]
         -
            id: 1
            TimeStamp: 1.4625316474922700e+09
            Tcw: !!opencv-matrix
               rows: 4
               cols: 4
               dt: f
               data: [ 9.99944627e-01, -4.55444586e-03, 9.48622171e-03,
                   1.82198361e-02, 4.62457119e-03, 9.99962032e-01,
                   -7.38358917e-03, -1.17466762e-03, -9.45223402e-03,
                   7.42704980e-03, 9.99927759e-01, 5.77888591e-03, 0.,
                   0., 0., 1. ]
         -
            id: 2
            TimeStamp: 1.4625316475791349e+09
            Tcw: !!opencv-matrix
               rows: 4
               cols: 4
               dt: f
               data: [ 9.99867857e-01, -5.39832283e-04, 1.62482876e-02,
                   2.51657553e-02, 8.56113271e-04, 9.99810159e-01,
                   -1.94648374e-02, -3.59065598e-03, -1.62346959e-02,
                   1.94761753e-02, 9.99678493e-01, 4.51279199e-03, 0.,
                   0., 0., 1. ]
   -
      FrameId: 4
      TimeStamp: 1.4625316477531118e+09
      Tcw: !!opencv-matrix
         rows: 4
         cols: 4
         dt: f
         data: [ 9.99842942e-01, -1.72294676e-02, 4.15803446e-03,
             3.44533212e-02, 1.73454080e-02, 9.99409020e-01,
             -2.96766981e-02, -1.18826171e-02, -3.64426337e-03,
             2.97441594e-02, 9.99550879e-01, -4.09307564e-03, 0., 0., 0.,
             1. ]
      Neighbor_cnt: 4
      Neighbors:
         -
            id: 0
            TimeStamp: 1.4625316469705930e+09
            Tcw: !!opencv-matrix
               rows: 4
               cols: 4
               dt: f
               data: [ 1., 0., 0., 0., 0., 1., 0., 0., 0., 0., 1., 0.,
                   0., 0., 0., 1. ]
         -
            id: 1
            TimeStamp: 1.4625316474922700e+09
            Tcw: !!opencv-matrix
               rows: 4
               cols: 4
               dt: f
               data: [ 9.99941707e-01, -4.29145619e-03, 9.90536530e-03,
                   1.71608608e-02, 4.36379109e-03, 9.99963880e-01,
                   -7.29256729e-03, -1.30149932e-03, -9.87371150e-03,
                   7.33536761e-03, 9.99924362e-01, 5.32307755e-03, 0.,
                   0., 0., 1. ]
         -
            id: 3
            TimeStamp: 1.4625316476661220e+09
            Tcw: !!opencv-matrix
               rows: 4
               cols: 4
               dt: f
               data: [ 9.99907911e-01, -1.18798558e-02, 6.56308746e-03,
                   3.02258693e-02, 1.20411869e-02, 9.99612033e-01,
                   -2.51147654e-02, -8.25173501e-03, -6.26218179e-03,
                   2.51914803e-02, 9.99663055e-01, -1.47061888e-03, 0.,
                   0., 0., 1. ]
         -
            id: 2
            TimeStamp: 1.4625316475791349e+09
            Tcw: !!opencv-matrix
               rows: 4
               cols: 4
               dt: f
               data: [ 9.99857247e-01, -1.18607728e-04, 1.68954022e-02,
                   2.36563403e-02, 4.45452402e-04, 9.99812841e-01,
                   -1.93427335e-02, -3.80065641e-03, -1.68899465e-02,
                   1.93474982e-02, 9.99670148e-01, 3.90171213e-03, 0.,
                   0., 0., 1. ]
   -
      FrameId: 5
      TimeStamp: 1.4625316478399749e+09
      Tcw: !!opencv-matrix
         rows: 4
         cols: 4
         dt: f
         data: [ 9.99934733e-01, -2.84145470e-03, 1.10675003e-02,
             3.25652435e-02, 3.26910964e-03, 9.99240994e-01,
             -3.88161913e-02, -1.38992844e-02, -1.09488061e-02,
             3.88498381e-02, 9.99185085e-01, -7.26365764e-03, 0., 0., 0.,
             1. ]
      Neighbor_cnt: 4
      Neighbors:
         -
            id: 0
            TimeStamp: 1.4625316469705930e+09
            Tcw: !!opencv-matrix
               rows: 4
               cols: 4
               dt: f
               data: [ 1., 0., 0., 0., 0., 1., 0., 0., 0., 0., 1., 0.,
                   0., 0., 0., 1. ]
         -
            id: 4
            TimeStamp: 1.4625316477531118e+09
            Tcw: !!opencv-matrix
               rows: 4
               cols: 4
               dt: f
               data: [ 9.99844074e-01, -1.70949344e-02, 4.43003327e-03,
                   3.41202207e-02, 1.72194205e-02, 9.99408245e-01,
                   -2.97775883e-02, -1.19378241e-02, -3.91836558e-03,
                   2.98492275e-02, 9.99546707e-01, -4.44797799e-03, 0.,
                   0., 0., 1. ]
         -
            id: 1
            TimeStamp: 1.4625316474922700e+09
            Tcw: !!opencv-matrix
               rows: 4
               cols: 4
               dt: f
               data: [ 9.99942541e-01, -4.52286936e-03, 9.71757900e-03,
                   1.73196085e-02, 4.59466083e-03, 9.99962211e-01,
                   -7.37821637e-03, -1.16236322e-03, -9.68384091e-03,
                   7.42244162e-03, 9.99925554e-01, 5.39869163e-03, 0.,
                   0., 0., 1. ]
         -
            id: 2
            TimeStamp: 1.4625316475791349e+09
            Tcw: !!opencv-matrix
               rows: 4
               cols: 4
               dt: f
               data: [ 9.99858081e-01, -1.30710803e-04, 1.68470144e-02,
                   2.36410741e-02, 4.55343368e-04, 9.99814272e-01,
                   -1.92670468e-02, -3.91064212e-03, -1.68413669e-02,
                   1.92719828e-02, 9.99672413e-01, 3.80002009e-03, 0.,
                   0., 0., 1. ]
   -
      FrameId: 6
      TimeStamp: 1.4625316480139499e+09
      Tcw: !!opencv-matrix
         rows: 4
         cols: 4
         dt: f
         data: [ 9.99827027e-01, -9.35705099e-03, 1.60743743e-02,
             9.42122284e-03, 1.00462651e-02, 9.99009669e-01,
             -4.33449894e-02, -1.25323068e-02, -1.56528726e-02,
             4.34989817e-02, 9.98930812e-01, -1.26348613e-02, 0., 0., 0.,
             1. ]
      Neighbor_cnt: 4
      Neighbors:
         -
            id: 0
            TimeStamp: 1.4625316469705930e+09
            Tcw: !!opencv-matrix
               rows: 4
               cols: 4
               dt: f
               data: [ 1., 0., 0., 0., 0., 1., 0., 0., 0., 0., 1., 0.,
                   0., 0., 0., 1. ]
         -
            id: 4
            TimeStamp: 1.4625316477531118e+09
            Tcw: !!opencv-matrix
               rows: 4
               cols: 4
               dt: f
               data: [ 9.99843180e-01, -1.73085742e-02, 3.74960620e-03,
                   3.50055248e-02, 1.74091291e-02, 9.99436796e-01,
                   -2.86891907e-02, -1.29756844e-02, -3.25092534e-03,
                   2.87499689e-02, 9.99581337e-01, -4.71704593e-03, 0.,
                   0., 0., 1. ]
         -
            id: 5
            TimeStamp: 1.4625316478399749e+09
            Tcw: !!opencv-matrix
               rows: 4
               cols: 4
               dt: f
               data: [ 9.99937594e-01, -2.82028248e-03, 1.08075980e-02,
                   3.30021977e-02, 3.23648145e-03, 9.99246120e-01,
                   -3.86878923e-02, -1.40913380e-02, -1.06903398e-02,
                   3.87204587e-02, 9.99192894e-01, -7.40987435e-03, 0.,
                   0., 0., 1. ]
         -
            id: 1
            TimeStamp: 1.4625316474922700e+09
            Tcw: !!opencv-matrix
               rows: 4
               cols: 4
               dt: f
               data: [ 9.99946177e-01, -4.81852377e-03, 9.18856636e-03,
                   1.78893674e-02, 4.88605583e-03, 9.99961138e-01,
                   -7.34133739e-03, -1.13589538e-03, -9.15283523e-03,
                   7.38583785e-03, 9.99930859e-01, 5.54102194e-03, 0.,
                   0., 0., 1. ]
   -
      FrameId: 7
      TimeStamp: 1.4625316481878009e+09
      Tcw: !!opencv-matrix
         rows: 4
         cols: 4
         dt: f
         data: [ 9.99363303e-01, -2.03464255e-02, 2.93094870e-02,
             -3.31768431e-02, 2.20865048e-02, 9.97934520e-01,
             -6.03231825e-02, -1.20008877e-02, -2.80215871e-02,
             6.09321184e-02, 9.97748494e-01, -2.57420447e-02, 0., 0., 0.,
             1. ]
      Neighbor_cnt: 5
      Neighbors:
         -
            id: 6
            TimeStamp: 1.4625316480139499e+09
            Tcw: !!opencv-matrix
               rows: 4
               cols: 4
               dt: f
               data: [ 9.99823689e-01, -9.14712157e-03, 1.63977221e-02,
                   9.21743922e-03, 9.84391570e-03, 9.99029636e-01,
                   -4.29287776e-02, -1.33922882e-02, -1.59891360e-02,
                   4.30826247e-02, 9.98943567e-01, -1.35241691e-02, 0.,
                   0., 0., 1. ]
         -
            id: 4
            TimeStamp: 1.4625316477531118e+09
            Tcw: !!opencv-matrix
               rows: 4
               cols: 4
               dt: f
               data: [ 9.99854028e-01, -1.65187735e-02, 4.35908092e-03,
                   3.47945541e-02, 1.66372862e-02, 9.99449074e-01,
                   -2.87179779e-02, -1.34959556e-02, -3.88229359e-03,
                   2.87863109e-02, 9.99578059e-01, -5.71969850e-03, 0.,
                   0., 0., 1. ]
         -
            id: 0
            TimeStamp: 1.4625316469705930e+09
            Tcw: !!opencv-matrix
               rows: 4
               cols: 4
               dt: f
               data: [ 1., 0., 0., 0., 0., 1., 0., 0., 0., 0., 1., 0.,
                   0., 0., 0., 1. ]
         -
            id: 1
            TimeStamp: 1.4625316474922700e+09
            Tcw: !!opencv-matrix
               rows: 4
               cols: 4
               dt: f
               data: [ 9.99946475e-01, -4.58399765e-03, 9.27692372e-03,
                   1.79225355e-02, 4.65369970e-03, 9.99961019e-01,
                   -7.50589883e-03, -1.22746476e-03, -9.24215466e-03,
                   7.54866889e-03, 9.99928772e-01, 5.03829168e-03, 0.,
                   0., 0., 1. ]
         -
            id: 5
            TimeStamp: 1.4625316478399749e+09
            Tcw: !!opencv-matrix
               rows: 4
               cols: 4
               dt: f
               data: [ 9.99932289e-01, -2.04491778e-03, 1.14562400e-02,
                   3.26781347e-02, 2.48252996e-03, 9.99262631e-01,
                   -3.83155309e-02, -1.48437927e-02, -1.13694407e-02,
                   3.83413769e-02, 9.99200046e-01, -8.03997181e-03, 0.,
                   0., 0., 1. ]
   -
      FrameId: 8
      TimeStamp: 1.4625316483616519e+09
      Tcw: !!opencv-matrix
         rows: 4
         cols: 4
         dt: f
         data: [ 9.99681175e-01, -2.46119387e-02, 5.63483033e-03,
             -8.71523321e-02, 2.49217581e-02, 9.97648716e-01,
             -6.38428926e-02, -1.19604273e-02, -4.05028369e-03,
             6.39629662e-02, 9.97944057e-01, -4.17013951e-02, 0., 0., 0.,
             1. ]
      Neighbor_cnt: 6
      Neighbors:
         -
            id: 1
            TimeStamp: 1.4625316474922700e+09
            Tcw: !!opencv-matrix
               rows: 4
               cols: 4
               dt: f
               data: [ 9.99947727e-01, -4.30813478e-03, 9.27500892e-03,
                   1.72091462e-02, 4.37569758e-03, 9.99963939e-01,
                   -7.27648521e-03, -1.45605195e-03, -9.24332626e-03,
                   7.31668947e-03, 9.99930501e-01, 4.91670333e-03, 0.,
                   0., 0., 1. ]
         -
            id: 7
            TimeStamp: 1.4625316481878009e+09
            Tcw: !!opencv-matrix
               rows: 4
               cols: 4
               dt: f
               data: [ 9.99391198e-01, -2.04209592e-02, 2.82886457e-02,
                   -3.11418846e-02, 2.21014190e-02, 9.97928083e-01,
                   -6.04241006e-02, -1.13105047e-02, -2.69961171e-02,
                   6.10125326e-02, 9.97771859e-01, -2.42866464e-02, 0.,
                   0., 0., 1. ]
         -
            id: 0
            TimeStamp: 1.4625316469705930e+09
            Tcw: !!opencv-matrix
               rows: 4
               cols: 4
               dt: f
               data: [ 1., 0., 0., 0., 0., 1., 0., 0., 0., 0., 1., 0.,
                   0., 0., 0., 1. ]
         -
            id: 4
            TimeStamp: 1.4625316477531118e+09
            Tcw: !!opencv-matrix
               rows: 4
               cols: 4
               dt: f
               data: [ 9.99857903e-01, -1.62325725e-02, 4.54806909e-03,
                   3.32384221e-02, 1.63577627e-02, 9.99445736e-01,
                   -2.89931241e-02, -1.27370264e-02, -4.07491531e-03,
                   2.90633999e-02, 9.99569237e-01, -5.28880348e-03, 0.,
                   0., 0., 1. ]
         -
            id: 6
            TimeStamp: 1.4625316480139499e+09
            Tcw: !!opencv-matrix
               rows: 4
               cols: 4
               dt: f
               data: [ 9.99822319e-01, -8.88625439e-03, 1.66238304e-02,
                   8.63860734e-03, 9.59822722e-03, 9.99018133e-01,
                   -4.32507247e-02, -1.27380779e-02, -1.62231717e-02,
                   4.34026010e-02, 9.98925924e-01, -1.32026253e-02, 0.,
                   0., 0., 1. ]
         -
            id: 5
            TimeStamp: 1.4625316478399749e+09
            Tcw: !!opencv-matrix
               rows: 4
               cols: 4
               dt: f
               data: [ 9.99926746e-01, -1.58813526e-03, 1.19979037e-02,
                   3.09102703e-02, 2.05319771e-03, 9.99242961e-01,
                   -3.88496406e-02, -1.39548630e-02, -1.19271223e-02,
                   3.88714261e-02, 9.99173045e-01, -7.81354122e-03, 0.,
                   0., 0., 1. ]
   -
      FrameId: 9
      TimeStamp: 1.4625316486224918e+09
      Tcw: !!opencv-matrix
         rows: 4
         cols: 4
         dt: f
         data: [ 9.99274075e-01, -1.14313345e-02, 3.63412313e-02,
             -1.62038341e-01, 1.49943978e-02, 9.94940937e-01,
             -9.93364975e-02, -6.03613444e-03, -3.50218304e-02,
             9.98092964e-02, 9.94390070e-01, -5.30997589e-02, 0., 0., 0.,
             1. ]
      Neighbor_cnt: 6
      Neighbors:
         -
            id: 8
            TimeStamp: 1.4625316483616519e+09
            Tcw: !!opencv-matrix
               rows: 4
               cols: 4
               dt: f
               data: [ 9.99692023e-01, -2.43668463e-02, 4.69724601e-03,
                   -8.41837451e-02, 2.46186405e-02, 9.97626841e-01,
                   -6.43013716e-02, -1.11064771e-02, -3.11927707e-03,
                   6.43972084e-02, 9.97919500e-01, -4.00394723e-02, 0.,
                   0., 0., 1. ]
         -
            id: 0
            TimeStamp: 1.4625316469705930e+09
            Tcw: !!opencv-matrix
               rows: 4
               cols: 4
               dt: f
               data: [ 1., 0., 0., 0., 0., 1., 0., 0., 0., 0., 1., 0.,
                   0., 0., 0., 1. ]
         -
            id: 1
            TimeStamp: 1.4625316474922700e+09
            Tcw: !!opencv-matrix
               rows: 4
               cols: 4
               dt: f
               data: [ 9.99947667e-01, -4.18570498e-03, 9.33668949e-03,
                   1.66326128e-02, 4.25421912e-03, 9.99964058e-01,
                   -7.33042276e-03, -1.36507198e-03, -9.30567179e-03,
                   7.36975949e-03, 9.99929547e-01, 4.62883757e-03, 0.,
                   0., 0., 1. ]
         -
            id: 4
            TimeStamp: 1.4625316477531118e+09
            Tcw: !!opencv-matrix
               rows: 4
               cols: 4
               dt: f
               data: [ 9.99859393e-01, -1.59955472e-02, 5.03138546e-03,
                   3.18377428e-02, 1.61347818e-02, 9.99450028e-01,
                   -2.89706439e-02, -1.26002412e-02, -4.56521707e-03,
                   2.90477518e-02, 9.99567628e-01, -5.72474813e-03, 0.,
                   0., 0., 1. ]
         -
            id: 7
            TimeStamp: 1.4625316481878009e+09
            Tcw: !!opencv-matrix
               rows: 4
               cols: 4
               dt: f
               data: [ 9.99415994e-01, -2.02990230e-02, 2.74890140e-02,
                   -2.97512431e-02, 2.19379701e-02, 9.97915208e-01,
                   -6.06952608e-02, -1.05110602e-02, -2.61996519e-02,
                   6.12628683e-02, 9.97777760e-01, -2.30570808e-02, 0.,
                   0., 0., 1. ]
         -
            id: 6
            TimeStamp: 1.4625316480139499e+09
            Tcw: !!opencv-matrix
               rows: 4
               cols: 4
               dt: f
               data: [ 9.99822736e-01, -8.77442397e-03, 1.66570842e-02,
                   8.35026335e-03, 9.48922150e-03, 9.99015749e-01,
                   -4.33300138e-02, -1.23544317e-02, -1.62604935e-02,
                   4.34803963e-02, 9.98921931e-01, -1.29136713e-02, 0.,
                   0., 0., 1. ]
   -
      FrameId: 10
      TimeStamp: 1.4625316487964680e+09
      Tcw: !!opencv-matrix
         rows: 4
         cols: 4
         dt: f
         data: [ 9.96723413e-01, -2.13138331e-02, 7.80268386e-02,
             -2.06860825e-01, 3.03659532e-02, 9.92699087e-01,
             -1.16732061e-01, -2.24536518e-03, -7.49691650e-02,
             1.18718937e-01, 9.90093648e-01, -5.31824976e-02, 0., 0., 0.,
             1. ]
      Neighbor_cnt: 7
      Neighbors:
         -
            id: 9
            TimeStamp: 1.4625316486224918e+09
            Tcw: !!opencv-matrix
               rows: 4
               cols: 4
               dt: f
               data: [ 9.99276996e-01, -1.17598474e-02, 3.61558087e-02,
                   -1.62295759e-01, 1.53057864e-02, 9.94928122e-01,
                   -9.94173959e-02, -5.59258740e-03, -3.48032974e-02,
                   9.98989120e-02, 9.94388700e-01, -5.18925153e-02, 0.,
                   0., 0., 1. ]
         -
            id: 8
            TimeStamp: 1.4625316483616519e+09
            Tcw: !!opencv-matrix
               rows: 4
               cols: 4
               dt: f
               data: [ 9.99691844e-01, -2.43758373e-02, 4.69450187e-03,
                   -8.40090439e-02, 2.46253274e-02, 9.97669816e-01,
                   -6.36277422e-02, -1.18553834e-02, -3.13258357e-03,
                   6.37237355e-02, 9.97962654e-01, -4.06918414e-02, 0.,
                   0., 0., 1. ]
         -
            id: 0
            TimeStamp: 1.4625316469705930e+09
            Tcw: !!opencv-matrix
               rows: 4
               cols: 4
               dt: f
               data: [ 1., 0., 0., 0., 0., 1., 0., 0., 0., 0., 1., 0.,
                   0., 0., 0., 1. ]
         -
            id: 1
            TimeStamp: 1.4625316474922700e+09
            Tcw: !!opencv-matrix
               rows: 4
               cols: 4
               dt: f
               data: [ 9.99947846e-01, -4.51152632e-03, 9.16286930e-03,
                   1.69068538e-02, 4.57646418e-03, 9.99964476e-01,
                   -7.07849953e-03, -1.58527191e-03, -9.13060829e-03,
                   7.12006399e-03, 9.99932945e-01, 4.54542600e-03, 0.,
                   0., 0., 1. ]
         -
            id: 7
            TimeStamp: 1.4625316481878009e+09
            Tcw: !!opencv-matrix
               rows: 4
               cols: 4
               dt: f
               data: [ 9.99416590e-01, -2.02923380e-02, 2.74716970e-02,
                   -2.95923259e-02, 2.19139550e-02, 9.97953296e-01,
                   -6.00751042e-02, -1.12878596e-02, -2.61964053e-02,
                   6.06420711e-02, 9.97815788e-01, -2.38112733e-02, 0.,
                   0., 0., 1. ]
         -
            id: 4
            TimeStamp: 1.4625316477531118e+09
            Tcw: !!opencv-matrix
               rows: 4
               cols: 4
               dt: f
               data: [ 9.99857068e-01, -1.62006468e-02, 4.83303145e-03,
                   3.21278200e-02, 1.63327977e-02, 9.99454975e-01,
                   -2.86868103e-02, -1.27962483e-02, -4.36565233e-03,
                   2.87616476e-02, 9.99576747e-01, -5.71986288e-03, 0.,
                   0., 0., 1. ]
         -
            id: 6
            TimeStamp: 1.4625316480139499e+09
            Tcw: !!opencv-matrix
               rows: 4
               cols: 4
               dt: f
               data: [ 9.99822855e-01, -8.87703616e-03, 1.65985506e-02,
                   8.50750320e-03, 9.58487485e-03, 9.99026358e-01,
                   -4.30629887e-02, -1.25651592e-02, -1.62001178e-02,
                   4.32144552e-02, 9.98934448e-01, -1.30325388e-02, 0.,
                   0., 0., 1. ]
   -
      FrameId: 11
      TimeStamp: 1.4625316489703209e+09
      Tcw: !!opencv-matrix
         rows: 4
         cols: 4
         dt: f
         data: [ 9.91352558e-01, -3.95974889e-02, 1.25108659e-01,
             -2.50581324e-01, 5.62120788e-02, 9.89628077e-01,
             -1.32198691e-01, -3.22829839e-03, -1.18576303e-01,
             1.38088122e-01, 9.83296156e-01, -5.02106324e-02, 0., 0., 0.,
             1. ]
      Neighbor_cnt: 7
      Neighbors:
         -
            id: 10
            TimeStamp: 1.4625316487964680e+09
            Tcw: !!opencv-matrix
               rows: 4
               cols: 4
               dt: f
               data: [ 9.96698678e-01, -2.13862509e-02, 7.83225372e-02,
                   -2.07632944e-01, 3.04501075e-02, 9.92732525e-01,
                   -1.16425671e-01, -2.64980551e-03, -7.52634183e-02,
                   1.18426234e-01, 9.90106404e-01, -5.39043918e-02, 0.,
                   0., 0., 1. ]
         -
            id: 9
            TimeStamp: 1.4625316486224918e+09
            Tcw: !!opencv-matrix
               rows: 4
               cols: 4
               dt: f
               data: [ 9.99266744e-01, -1.17927417e-02, 3.64260636e-02,
                   -1.63142145e-01, 1.53567074e-02, 9.94952381e-01,
                   -9.91661102e-02, -5.78023074e-03, -3.50727588e-02,
                   9.96527821e-02, 9.94403958e-01, -5.22450432e-02, 0.,
                   0., 0., 1. ]
         -
            id: 8
            TimeStamp: 1.4625316483616519e+09
            Tcw: !!opencv-matrix
               rows: 4
               cols: 4
               dt: f
               data: [ 9.99689698e-01, -2.44361926e-02, 4.83505521e-03,
                   -8.45289081e-02, 2.46952828e-02, 9.97653127e-01,
                   -6.38620257e-02, -1.14446012e-02, -3.26316315e-03,
                   6.39616102e-02, 9.97947037e-01, -4.02033515e-02, 0.,
                   0., 0., 1. ]
         -
            id: 0
            TimeStamp: 1.4625316469705930e+09
            Tcw: !!opencv-matrix
               rows: 4
               cols: 4
               dt: f
               data: [ 1., 0., 0., 0., 0., 1., 0., 0., 0., 0., 1., 0.,
                   0., 0., 0., 1. ]
         -
            id: 1
            TimeStamp: 1.4625316474922700e+09
            Tcw: !!opencv-matrix
               rows: 4
               cols: 4
               dt: f
               data: [ 9.99948382e-01, -4.52793762e-03, 9.09412839e-03,
                   1.69535168e-02, 4.59298538e-03, 9.99963939e-01,
                   -7.14465650e-03, -1.50900683e-03, -9.06145014e-03,
                   7.18605705e-03, 9.99933124e-01, 4.66397405e-03, 0.,
                   0., 0., 1. ]
         -
            id: 4
            TimeStamp: 1.4625316477531118e+09
            Tcw: !!opencv-matrix
               rows: 4
               cols: 4
               dt: f
               data: [ 9.99857008e-01, -1.62234455e-02, 4.77602845e-03,
                   3.22265290e-02, 1.63542666e-02, 9.99452531e-01,
                   -2.87613384e-02, -1.26694599e-02, -4.30680579e-03,
                   2.88353320e-02, 9.99574900e-01, -5.53271966e-03, 0.,
                   0., 0., 1. ]
         -
            id: 6
            TimeStamp: 1.4625316480139499e+09
            Tcw: !!opencv-matrix
               rows: 4
               cols: 4
               dt: f
               data: [ 9.99823034e-01, -8.84493068e-03, 1.66028831e-02,
                   8.49489402e-03, 9.55269206e-03, 9.99027431e-01,
                   -4.30451073e-02, -1.25423633e-02, -1.62060056e-02,
                   4.31960933e-02, 9.98935163e-01, -1.28720049e-02, 0.,
                   0., 0., 1. ]
   -
      FrameId: 12
      TimeStamp: 1.4625316492311599e+09
      Tcw: !!opencv-matrix
         rows: 4
         cols: 4
         dt: f
         data: [ 9.84245121e-01, -5.38251363e-02, 1.68417215e-01,
             -3.09585720e-01, 7.59680420e-02, 9.88869786e-01,
             -1.27927110e-01, 5.46935771e-04, -1.59657001e-01,
             1.38705954e-01, 9.77379322e-01, -4.39766869e-02, 0., 0., 0.,
             1. ]
      Neighbor_cnt: 8
      Neighbors:
         -
            id: 11
            TimeStamp: 1.4625316489703209e+09
            Tcw: !!opencv-matrix
               rows: 4
               cols: 4
               dt: f
               data: [ 9.91331339e-01, -3.97287980e-02, 1.25235125e-01,
                   -2.50113487e-01, 5.63708432e-02, 9.89607990e-01,
                   -1.32281139e-01, -3.08699184e-03, -1.18678316e-01,
                   1.38194039e-01, 9.83268976e-01, -4.95263152e-02, 0.,
                   0., 0., 1. ]
         -
            id: 10
            TimeStamp: 1.4625316487964680e+09
            Tcw: !!opencv-matrix
               rows: 4
               cols: 4
               dt: f
               data: [ 9.96701241e-01, -2.15747729e-02, 7.82376304e-02,
                   -2.06820533e-01, 3.06346789e-02, 9.92716134e-01,
                   -1.16516799e-01, -2.50924542e-03, -7.51539394e-02,
                   1.18529230e-01, 9.90102351e-01, -5.35884388e-02, 0.,
                   0., 0., 1. ]
         -
            id: 9
            TimeStamp: 1.4625316486224918e+09
            Tcw: !!opencv-matrix
               rows: 4
               cols: 4
               dt: f
               data: [ 9.99264896e-01, -1.20711001e-02, 3.63858044e-02,
                   -1.62541091e-01, 1.56371761e-02, 9.94927227e-01,
                   -9.93743166e-02, -5.50880097e-03, -3.50016728e-02,
                   9.98702422e-02, 9.94384646e-01, -5.17075062e-02, 0.,
                   0., 0., 1. ]
         -
            id: 8
            TimeStamp: 1.4625316483616519e+09
            Tcw: !!opencv-matrix
               rows: 4
               cols: 4
               dt: f
               data: [ 9.99684691e-01, -2.46358868e-02, 4.86270944e-03,
                   -8.43874663e-02, 2.48976126e-02, 9.97623205e-01,
                   -6.42501116e-02, -1.08403601e-02, -3.26829334e-03,
                   6.43509254e-02, 9.97922003e-01, -3.93596441e-02, 0.,
                   0., 0., 1. ]
         -
            id: 1
            TimeStamp: 1.4625316474922700e+09
            Tcw: !!opencv-matrix
               rows: 4
               cols: 4
               dt: f
               data: [ 9.99948144e-01, -4.44629369e-03, 9.16118454e-03,
                   1.68389268e-02, 4.51382017e-03, 9.99962687e-01,
                   -7.36348564e-03, -1.27080327e-03, -9.12810210e-03,
                   7.40445592e-03, 9.99930918e-01, 4.82911803e-03, 0.,
                   0., 0., 1. ]
         -
            id: 0
            TimeStamp: 1.4625316469705930e+09
            Tcw: !!opencv-matrix
               rows: 4
               cols: 4
               dt: f
               data: [ 1., 0., 0., 0., 0., 1., 0., 0., 0., 0., 1., 0.,
                   0., 0., 0., 1. ]
         -
            id: 4
            TimeStamp: 1.4625316477531118e+09
            Tcw: !!opencv-matrix
               rows: 4
               cols: 4
               dt: f
               data: [ 9.99854922e-01, -1.63509920e-02, 4.77475859e-03,
                   3.21437158e-02, 1.64819881e-02, 9.99448657e-01,
                   -2.88224500e-02, -1.25061665e-02, -4.30085044e-03,
                   2.88969669e-02, 9.99573171e-01, -5.33083873e-03, 0.,
                   0., 0., 1. ]
         -
            id: 6
            TimeStamp: 1.4625316480139499e+09
            Tcw: !!opencv-matrix
               rows: 4
               cols: 4
               dt: f
               data: [ 9.99822855e-01, -8.90524592e-03, 1.65818427e-02,
                   8.49801023e-03, 9.61319450e-03, 9.99023855e-01,
                   -4.31157649e-02, -1.23745957e-02, -1.61816999e-02,
                   4.32675295e-02, 9.98932481e-01, -1.26633951e-02, 0.,
                   0., 0., 1. ]
   -
      FrameId: 13
      TimeStamp: 1.4625316494920008e+09
      Tcw: !!opencv-matrix
         rows: 4
         cols: 4
         dt: f
         data: [ 9.78091240e-01, -6.10239692e-02, 1.99031770e-01,
             -3.71357471e-01, 8.45770538e-02, 9.90095019e-01,
             -1.12065241e-01, 5.77764539e-03, -1.90221682e-01,
             1.26443550e-01, 9.73564446e-01, -3.60798314e-02, 0., 0., 0.,
             1. ]
      Neighbor_cnt: 9
      Neighbors:
         -
            id: 12
            TimeStamp: 1.4625316492311599e+09
            Tcw: !!opencv-matrix
               rows: 4
               cols: 4
               dt: f
               data: [ 9.84288335e-01, -5.38026020e-02, 1.68171912e-01,
                   -3.08359265e-01, 7.58720785e-02, 9.88907576e-01,
                   -1.27691925e-01, 1.22339843e-04, -1.59436330e-01,
                   1.38445228e-01, 9.77452278e-01, -4.41672020e-02, 0.,
                   0., 0., 1. ]
         -
            id: 11
            TimeStamp: 1.4625316489703209e+09
            Tcw: !!opencv-matrix
               rows: 4
               cols: 4
               dt: f
               data: [ 9.91364956e-01, -3.95706370e-02, 1.25018805e-01,
                   -2.48912901e-01, 5.61375953e-02, 9.89671111e-01,
                   -1.31907597e-01, -3.76758096e-03, -1.18507832e-01,
                   1.37786821e-01, 9.83346701e-01, -5.01133427e-02, 0.,
                   0., 0., 1. ]
         -
            id: 10
            TimeStamp: 1.4625316487964680e+09
            Tcw: !!opencv-matrix
               rows: 4
               cols: 4
               dt: f
               data: [ 9.96716976e-01, -2.15459019e-02, 7.80450106e-02,
                   -2.05883935e-01, 3.05680893e-02, 9.92741227e-01,
                   -1.16320409e-01, -2.94420309e-03, -7.49722719e-02,
                   1.18324213e-01, 9.90140676e-01, -5.38860485e-02, 0.,
                   0., 0., 1. ]
         -
            id: 9
            TimeStamp: 1.4625316486224918e+09
            Tcw: !!opencv-matrix
               rows: 4
               cols: 4
               dt: f
               data: [ 9.99271870e-01, -1.20471548e-02, 3.62028666e-02,
                   -1.61810592e-01, 1.55887501e-02, 9.94945943e-01,
                   -9.91946533e-02, -5.86406747e-03, -3.48248817e-02,
                   9.96867865e-02, 9.94409263e-01, -5.19626401e-02, 0.,
                   0., 0., 1. ]
         -
            id: 8
            TimeStamp: 1.4625316483616519e+09
            Tcw: !!opencv-matrix
               rows: 4
               cols: 4
               dt: f
               data: [ 9.99683321e-01, -2.47045904e-02, 4.78917779e-03,
                   -8.40422809e-02, 2.49613002e-02, 9.97624457e-01,
                   -6.42053634e-02, -1.09030381e-02, -3.19163408e-03,
                   6.43045753e-02, 9.97925222e-01, -3.95096727e-02, 0.,
                   0., 0., 1. ]
         -
            id: 0
            TimeStamp: 1.4625316469705930e+09
            Tcw: !!opencv-matrix
               rows: 4
               cols: 4
               dt: f
               data: [ 1., 0., 0., 0., 0., 1., 0., 0., 0., 0., 1., 0.,
                   0., 0., 0., 1. ]
         -
            id: 1
            TimeStamp: 1.4625316474922700e+09
            Tcw: !!opencv-matrix
               rows: 4
               cols: 4
               dt: f
               data: [ 9.99948263e-01, -4.45504440e-03, 9.14687105e-03,
                   1.68145634e-02, 4.52228030e-03, 9.99962807e-01,
                   -7.34321959e-03, -1.25588430e-03, -9.11381654e-03,
                   7.38420431e-03, 9.99931216e-01, 4.85564256e-03, 0.,
                   0., 0., 1. ]
         -
            id: 4
            TimeStamp: 1.4625316477531118e+09
            Tcw: !!opencv-matrix
               rows: 4
               cols: 4
               dt: f
               data: [ 9.99854982e-01, -1.63386948e-02, 4.80572600e-03,
                   3.20762247e-02, 1.64706632e-02, 9.99448359e-01,
                   -2.88389642e-02, -1.24870129e-02, -4.33188397e-03,
                   2.89139356e-02, 9.99572515e-01, -5.33956755e-03, 0.,
                   0., 0., 1. ]
         -
            id: 6
            TimeStamp: 1.4625316480139499e+09
            Tcw: !!opencv-matrix
               rows: 4
               cols: 4
               dt: f
               data: [ 9.99823391e-01, -8.97323620e-03, 1.65109877e-02,
                   8.55811406e-03, 9.67819244e-03, 9.99022841e-01,
                   -4.31237482e-02, -1.23629235e-02, -1.61078945e-02,
                   4.32759300e-02, 9.98933315e-01, -1.26854833e-02, 0.,
                   0., 0., 1. ]
   -
      FrameId: 14
      TimeStamp: 1.4625316497528410e+09
      Tcw: !!opencv-matrix
         rows: 4
         cols: 4
         dt: f
         data: [ 9.70842779e-01, -6.13135435e-02, 2.31743366e-01,
             -4.36587006e-01, 9.09779593e-02, 9.88649547e-01,
             -1.19561940e-01, 9.15813260e-03, -2.21782207e-01,
             1.37159377e-01, 9.65401471e-01, -2.05844082e-02, 0., 0., 0.,
             1. ]
      Neighbor_cnt: 9
      Neighbors:
         -
            id: 13
            TimeStamp: 1.4625316494920008e+09
            Tcw: !!opencv-matrix
               rows: 4
               cols: 4
               dt: f
               data: [ 9.78036106e-01, -6.11353926e-02, 1.99268311e-01,
                   -3.72450531e-01, 8.47436115e-02, 9.90067661e-01,
                   -1.12181082e-01, 5.92253217e-03, -1.90430865e-01,
                   1.26603872e-01, 9.73502696e-01, -3.57807986e-02, 0.,
                   0., 0., 1. ]
         -
            id: 12
            TimeStamp: 1.4625316492311599e+09
            Tcw: !!opencv-matrix
               rows: 4
               cols: 4
               dt: f
               data: [ 9.84256923e-01, -5.38046099e-02, 1.68354794e-01,
                   -3.09186459e-01, 7.58872405e-02, 9.88916576e-01,
                   -1.27613053e-01, -1.04844396e-04, -1.59622684e-01,
                   1.38380021e-01, 9.77431118e-01, -4.41603214e-02, 0.,
                   0., 0., 1. ]
         -
            id: 11
            TimeStamp: 1.4625316489703209e+09
            Tcw: !!opencv-matrix
               rows: 4
               cols: 4
               dt: f
               data: [ 9.91335809e-01, -3.94414477e-02, 1.25290617e-01,
                   -2.49730840e-01, 5.60465492e-02, 9.89676416e-01,
                   -1.31906748e-01, -3.77399498e-03, -1.18794575e-01,
                   1.37785986e-01, 9.83312190e-01, -5.00747114e-02, 0.,
                   0., 0., 1. ]
         -
            id: 10
            TimeStamp: 1.4625316487964680e+09
            Tcw: !!opencv-matrix
               rows: 4
               cols: 4
               dt: f
               data: [ 9.96706843e-01, -2.15787869e-02, 7.81657323e-02,
                   -2.06422642e-01, 3.06161903e-02, 9.92738247e-01,
                   -1.16333291e-01, -2.96281837e-03, -7.50877857e-02,
                   1.18343316e-01, 9.90129650e-01, -5.38804904e-02, 0.,
                   0., 0., 1. ]
         -
            id: 8
            TimeStamp: 1.4625316483616519e+09
            Tcw: !!opencv-matrix
               rows: 4
               cols: 4
               dt: f
               data: [ 9.99682963e-01, -2.47171819e-02, 4.79426002e-03,
                   -8.42530429e-02, 2.49743313e-02, 9.97621357e-01,
                   -6.42488226e-02, -1.08842030e-02, -3.19480617e-03,
                   6.43481910e-02, 9.97922421e-01, -3.95439081e-02, 0.,
                   0., 0., 1. ]
         -
            id: 0
            TimeStamp: 1.4625316469705930e+09
            Tcw: !!opencv-matrix
               rows: 4
               cols: 4
               dt: f
               data: [ 1., 0., 0., 0., 0., 1., 0., 0., 0., 0., 1., 0.,
                   0., 0., 0., 1. ]
         -
            id: 1
            TimeStamp: 1.4625316474922700e+09
            Tcw: !!opencv-matrix
               rows: 4
               cols: 4
               dt: f
               data: [ 9.99948323e-01, -4.45236545e-03, 9.13892500e-03,
                   1.68387182e-02, 4.51960554e-03, 9.99962747e-01,
                   -7.35013094e-03, -1.23388041e-03, -9.10585932e-03,
                   7.39105558e-03, 9.99931216e-01, 4.91744094e-03, 0.,
                   0., 0., 1. ]
         -
            id: 4
            TimeStamp: 1.4625316477531118e+09
            Tcw: !!opencv-matrix
               rows: 4
               cols: 4
               dt: f
               data: [ 9.99855459e-01, -1.63272135e-02, 4.74447245e-03,
                   3.21619846e-02, 1.64576285e-02, 9.99447107e-01,
                   -2.88891643e-02, -1.24717904e-02, -4.27016988e-03,
                   2.89630722e-02, 9.99571383e-01, -5.37783466e-03, 0.,
                   0., 0., 1. ]
         -
            id: 6
            TimeStamp: 1.4625316480139499e+09
            Tcw: !!opencv-matrix
               rows: 4
               cols: 4
               dt: f
               data: [ 9.99824703e-01, -9.02590156e-03, 1.64035875e-02,
